DDate,CSINumber,Symbol,Exchange,DClose,UnAdjustedClose,TotalVolume,Cash,MarketName,PTB,PSR,DPS
20080618,85666,SAR',NYSE,10,10,52,0,ML Aclrtd Rturn Nts Lnkd S&P 500 Indx,0,0,0
20080619,85666,SAR',NYSE,9.8,9.8,86,0,ML Aclrtd Rturn Nts Lnkd S&P 500 Indx,0,0,0
20080620,85666,SAR',NYSE,10,10,13,0,ML Aclrtd Rturn Nts Lnkd S&P 500 Indx,0,0,0
20080623,85666,SAR',NYSE,10,10,0,0,ML Aclrtd Rturn Nts Lnkd S&P 500 Indx,0,0,0
20080624,85666,SAR',NYSE,10,10,0,0,ML Aclrtd Rturn Nts Lnkd S&P 500 Indx,0,0,0
20080625,85666,SAR',NYSE,9.82,9.82,70,0,ML Aclrtd Rturn Nts Lnkd S&P 500 Indx,0,0,0
20080626,85666,SAR',NYSE,9.82,9.82,0,0,ML Aclrtd Rturn Nts Lnkd S&P 500 Indx,0,0,0
20080627,85666,SAR',NYSE,9.44,9.44,15,0,ML Aclrtd Rturn Nts Lnkd S&P 500 Indx,0,0,0
20080630,85666,SAR',NYSE,9.44,9.44,5,0,ML Aclrtd Rturn Nts Lnkd S&P 500 Indx,0,0,0
20080701,85666,SAR',NYSE,9.44,9.44,0,0,ML Aclrtd Rturn Nts Lnkd S&P 500 Indx,0,0,0
20080702,85666,SAR',NYSE,9.57,9.57,5,0,ML Aclrtd Rturn Nts Lnkd S&P 500 Indx,0,0,0
20080703,85666,SAR',NYSE,9.4,9.4,27,0,ML Aclrtd Rturn Nts Lnkd S&P 500 Indx,0,0,0
20080707,85666,SAR',NYSE,9.2,9.2,3,0,ML Aclrtd Rturn Nts Lnkd S&P 500 Indx,0,0,0
20080708,85666,SAR',NYSE,9.2,9.2,0,0,ML Aclrtd Rturn Nts Lnkd S&P 500 Indx,0,0,0
20080709,85666,SAR',NYSE,9.26,9.26,40,0,ML Aclrtd Rturn Nts Lnkd S&P 500 Indx,0,0,0
20080710,85666,SAR',NYSE,9.2,9.2,278,0,ML Aclrtd Rturn Nts Lnkd S&P 500 Indx,0,0,0
20080711,85666,SAR',NYSE,9.03,9.03,221,0,ML Aclrtd Rturn Nts Lnkd S&P 500 Indx,0,0,0
20080714,85666,SAR',NYSE,9.08,9.08,206,0,ML Aclrtd Rturn Nts Lnkd S&P 500 Indx,0,0,0
20080715,85666,SAR',NYSE,8.5,8.5,78,0,ML Aclrtd Rturn Nts Lnkd S&P 500 Indx,0,0,0
20080716,85666,SAR',NYSE,9.04,9.04,710,0,ML Aclrtd Rturn Nts Lnkd S&P 500 Indx,0,0,0
20080717,85666,SAR',NYSE,9.17,9.17,57,0,ML Aclrtd Rturn Nts Lnkd S&P 500 Indx,0,0,0
20080718,85666,SAR',NYSE,9.17,9.17,0,0,ML Aclrtd Rturn Nts Lnkd S&P 500 Indx,0,0,0
20080721,85666,SAR',NYSE,9.18,9.18,65,0,ML Aclrtd Rturn Nts Lnkd S&P 500 Indx,0,0,0
20080722,85666,SAR',NYSE,9.26,9.26,36,0,ML Aclrtd Rturn Nts Lnkd S&P 500 Indx,0,0,0
20080723,85666,SAR',NYSE,9.34,9.34,80,0,ML Aclrtd Rturn Nts Lnkd S&P 500 Indx,0,0,0
20080724,85666,SAR',NYSE,9.2,9.2,22,0,ML Aclrtd Rturn Nts Lnkd S&P 500 Indx,0,0,0
20080725,85666,SAR',NYSE,9.17,9.17,218,0,ML Aclrtd Rturn Nts Lnkd S&P 500 Indx,0,0,0
20080728,85666,SAR',NYSE,9.02,9.02,90,0,ML Aclrtd Rturn Nts Lnkd S&P 500 Indx,0,0,0
20080729,85666,SAR',NYSE,9.07,9.07,676,0,ML Aclrtd Rturn Nts Lnkd S&P 500 Indx,0,0,0
20080730,85666,SAR',NYSE,9.3,9.3,762,0,ML Aclrtd Rturn Nts Lnkd S&P 500 Indx,0,0,0
20080731,85666,SAR',NYSE,9.26,9.26,425,0,ML Aclrtd Rturn Nts Lnkd S&P 500 Indx,0,0,0
20080801,85666,SAR',NYSE,9.13,9.13,5,0,ML Aclrtd Rturn Nts Lnkd S&P 500 Indx,0,0,0
20080804,85666,SAR',NYSE,9.01,9.01,152,0,ML Aclrtd Rturn Nts Lnkd S&P 500 Indx,0,0,0
20080805,85666,SAR',NYSE,9.13,9.13,153,0,ML Aclrtd Rturn Nts Lnkd S&P 500 Indx,0,0,0
20080806,85666,SAR',NYSE,9.23,9.23,125,0,ML Aclrtd Rturn Nts Lnkd S&P 500 Indx,0,0,0
20080807,85666,SAR',NYSE,9.23,9.23,0,0,ML Aclrtd Rturn Nts Lnkd S&P 500 Indx,0,0,0
20080808,85666,SAR',NYSE,9.24,9.24,5,0,ML Aclrtd Rturn Nts Lnkd S&P 500 Indx,0,0,0
20080811,85666,SAR',NYSE,9.37,9.37,90,0,ML Aclrtd Rturn Nts Lnkd S&P 500 Indx,0,0,0
20080812,85666,SAR',NYSE,9.32,9.32,130,0,ML Aclrtd Rturn Nts Lnkd S&P 500 Indx,0,0,0
20080813,85666,SAR',NYSE,9.26,9.26,43,0,ML Aclrtd Rturn Nts Lnkd S&P 500 Indx,0,0,0
20080814,85666,SAR',NYSE,9.26,9.26,0,0,ML Aclrtd Rturn Nts Lnkd S&P 500 Indx,0,0,0
20080815,85666,SAR',NYSE,9.3,9.3,40,0,ML Aclrtd Rturn Nts Lnkd S&P 500 Indx,0,0,0
20080818,85666,SAR',NYSE,9.17,9.17,15,0,ML Aclrtd Rturn Nts Lnkd S&P 500 Indx,0,0,0
20080819,85666,SAR',NYSE,9.11,9.11,303,0,ML Aclrtd Rturn Nts Lnkd S&P 500 Indx,0,0,0
20080820,85666,SAR',NYSE,9.12,9.12,179,0,ML Aclrtd Rturn Nts Lnkd S&P 500 Indx,0,0,0
20080821,85666,SAR',NYSE,9.14,9.14,222,0,ML Aclrtd Rturn Nts Lnkd S&P 500 Indx,0,0,0
20080822,85666,SAR',NYSE,9.24,9.24,78,0,ML Aclrtd Rturn Nts Lnkd S&P 500 Indx,0,0,0
20080825,85666,SAR',NYSE,9.09,9.09,200,0,ML Aclrtd Rturn Nts Lnkd S&P 500 Indx,0,0,0
20080826,85666,SAR',NYSE,9.12,9.12,306,0,ML Aclrtd Rturn Nts Lnkd S&P 500 Indx,0,0,0
20080827,85666,SAR',NYSE,9.17,9.17,301,0,ML Aclrtd Rturn Nts Lnkd S&P 500 Indx,0,0,0
20080828,85666,SAR',NYSE,9.17,9.17,0,0,ML Aclrtd Rturn Nts Lnkd S&P 500 Indx,0,0,0
20080829,85666,SAR',NYSE,9.17,9.17,0,0,ML Aclrtd Rturn Nts Lnkd S&P 500 Indx,0,0,0
20080902,85666,SAR',NYSE,9.25,9.25,35,0,ML Aclrtd Rturn Nts Lnkd S&P 500 Indx,0,0,0
20080903,85666,SAR',NYSE,9.15,9.15,2297,0,ML Aclrtd Rturn Nts Lnkd S&P 500 Indx,0,0,0
20080904,85666,SAR',NYSE,8.89,8.89,58,0,ML Aclrtd Rturn Nts Lnkd S&P 500 Indx,0,0,0
20080905,85666,SAR',NYSE,8.85,8.85,20,0,ML Aclrtd Rturn Nts Lnkd S&P 500 Indx,0,0,0
20080908,85666,SAR',NYSE,9.14,9.14,1,0,ML Aclrtd Rturn Nts Lnkd S&P 500 Indx,0,0,0
20080909,85666,SAR',NYSE,9.14,9.14,0,0,ML Aclrtd Rturn Nts Lnkd S&P 500 Indx,0,0,0
20080910,85666,SAR',NYSE,8.85,8.85,127,0,ML Aclrtd Rturn Nts Lnkd S&P 500 Indx,0,0,0
20080911,85666,SAR',NYSE,8.88,8.88,351,0,ML Aclrtd Rturn Nts Lnkd S&P 500 Indx,0,0,0
20080912,85666,SAR',NYSE,8.98,8.98,237,0,ML Aclrtd Rturn Nts Lnkd S&P 500 Indx,0,0,0
20080915,85666,SAR',NYSE,8.59,8.59,315,0,ML Aclrtd Rturn Nts Lnkd S&P 500 Indx,0,0,0
20080916,85666,SAR',NYSE,8.63,8.63,3240,0,ML Aclrtd Rturn Nts Lnkd S&P 500 Indx,0,0,0
20080917,85666,SAR',NYSE,8.27,8.27,644,0,ML Aclrtd Rturn Nts Lnkd S&P 500 Indx,0,0,0
20080918,85666,SAR',NYSE,8.49,8.49,1571,0,ML Aclrtd Rturn Nts Lnkd S&P 500 Indx,0,0,0
20080919,85666,SAR',NYSE,8.79,8.79,998,0,ML Aclrtd Rturn Nts Lnkd S&P 500 Indx,0,0,0
20080922,85666,SAR',NYSE,8.54,8.54,644,0,ML Aclrtd Rturn Nts Lnkd S&P 500 Indx,0,0,0
20080923,85666,SAR',NYSE,8.51,8.51,1009,0,ML Aclrtd Rturn Nts Lnkd S&P 500 Indx,0,0,0
20080924,85666,SAR',NYSE,8.38,8.38,526,0,ML Aclrtd Rturn Nts Lnkd S&P 500 Indx,0,0,0
20080925,85666,SAR',NYSE,8.54,8.54,1348,0,ML Aclrtd Rturn Nts Lnkd S&P 500 Indx,0,0,0
20080926,85666,SAR',NYSE,8.42,8.42,355,0,ML Aclrtd Rturn Nts Lnkd S&P 500 Indx,0,0,0
20080929,85666,SAR',NYSE,7.9,7.9,224,0,ML Aclrtd Rturn Nts Lnkd S&P 500 Indx,0,0,0
20080930,85666,SAR',NYSE,8.07,8.07,2288,0,ML Aclrtd Rturn Nts Lnkd S&P 500 Indx,0,0,0
20081001,85666,SAR',NYSE,8.1,8.1,71,0,ML Aclrtd Rturn Nts Lnkd S&P 500 Indx,0,0,0
20081002,85666,SAR',NYSE,7.94,7.94,40,0,ML Aclrtd Rturn Nts Lnkd S&P 500 Indx,0,0,0
20081003,85666,SAR',NYSE,7.86,7.86,239,0,ML Aclrtd Rturn Nts Lnkd S&P 500 Indx,0,0,0
20081006,85666,SAR',NYSE,7.36,7.36,525,0,ML Aclrtd Rturn Nts Lnkd S&P 500 Indx,0,0,0
20081007,85666,SAR',NYSE,7.03,7.03,1346,0,ML Aclrtd Rturn Nts Lnkd S&P 500 Indx,0,0,0
20081008,85666,SAR',NYSE,6.85,6.85,1237,0,ML Aclrtd Rturn Nts Lnkd S&P 500 Indx,0,0,0
20081009,85666,SAR',NYSE,6.27,6.27,649,0,ML Aclrtd Rturn Nts Lnkd S&P 500 Indx,0,0,0
20081010,85666,SAR',NYSE,6.17,6.17,1882,0,ML Aclrtd Rturn Nts Lnkd S&P 500 Indx,0,0,0
20081013,85666,SAR',NYSE,6.85,6.85,2670,0,ML Aclrtd Rturn Nts Lnkd S&P 500 Indx,0,0,0
20081014,85666,SAR',NYSE,6.9,6.9,1547,0,ML Aclrtd Rturn Nts Lnkd S&P 500 Indx,0,0,0
20081015,85666,SAR',NYSE,6.49,6.49,341,0,ML Aclrtd Rturn Nts Lnkd S&P 500 Indx,0,0,0
20081016,85666,SAR',NYSE,6.52,6.52,481,0,ML Aclrtd Rturn Nts Lnkd S&P 500 Indx,0,0,0
20081017,85666,SAR',NYSE,6.58,6.58,424,0,ML Aclrtd Rturn Nts Lnkd S&P 500 Indx,0,0,0
20081020,85666,SAR',NYSE,6.75,6.75,261,0,ML Aclrtd Rturn Nts Lnkd S&P 500 Indx,0,0,0
20081021,85666,SAR',NYSE,6.81,6.81,238,0,ML Aclrtd Rturn Nts Lnkd S&P 500 Indx,0,0,0
20081022,85666,SAR',NYSE,6.2,6.2,1015,0,ML Aclrtd Rturn Nts Lnkd S&P 500 Indx,0,0,0
20081023,85666,SAR',NYSE,6.09,6.09,159,0,ML Aclrtd Rturn Nts Lnkd S&P 500 Indx,0,0,0
20081024,85666,SAR',NYSE,6.1,6.1,569,0,ML Aclrtd Rturn Nts Lnkd S&P 500 Indx,0,0,0
20081027,85666,SAR',NYSE,5.96,5.96,307,0,ML Aclrtd Rturn Nts Lnkd S&P 500 Indx,0,0,0
20081028,85666,SAR',NYSE,6.49,6.49,3009,0,ML Aclrtd Rturn Nts Lnkd S&P 500 Indx,0,0,0
20081029,85666,SAR',NYSE,6.57,6.57,4110,0,ML Aclrtd Rturn Nts Lnkd S&P 500 Indx,0,0,0
20081030,85666,SAR',NYSE,6.59,6.59,14113,0,ML Aclrtd Rturn Nts Lnkd S&P 500 Indx,0,0,0
20081031,85666,SAR',NYSE,6.66,6.66,619,0,ML Aclrtd Rturn Nts Lnkd S&P 500 Indx,0,0,0
20081103,85666,SAR',NYSE,6.71,6.71,1048,0,ML Aclrtd Rturn Nts Lnkd S&P 500 Indx,0,0,0
20081104,85666,SAR',NYSE,6.97,6.97,469,0,ML Aclrtd Rturn Nts Lnkd S&P 500 Indx,0,0,0
20081105,85666,SAR',NYSE,6.72,6.72,144,0,ML Aclrtd Rturn Nts Lnkd S&P 500 Indx,0,0,0
20081106,85666,SAR',NYSE,6.28,6.28,303,0,ML Aclrtd Rturn Nts Lnkd S&P 500 Indx,0,0,0
20081107,85666,SAR',NYSE,6.36,6.36,46,0,ML Aclrtd Rturn Nts Lnkd S&P 500 Indx,0,0,0
20081110,85666,SAR',NYSE,6.34,6.34,108,0,ML Aclrtd Rturn Nts Lnkd S&P 500 Indx,0,0,0
20081111,85666,SAR',NYSE,6.17,6.17,368,0,ML Aclrtd Rturn Nts Lnkd S&P 500 Indx,0,0,0
20081112,85666,SAR',NYSE,5.99,5.99,297,0,ML Aclrtd Rturn Nts Lnkd S&P 500 Indx,0,0,0
20081113,85666,SAR',NYSE,6.25,6.25,174,0,ML Aclrtd Rturn Nts Lnkd S&P 500 Indx,0,0,0
20081114,85666,SAR',NYSE,6.16,6.16,495,0,ML Aclrtd Rturn Nts Lnkd S&P 500 Indx,0,0,0
20081117,85666,SAR',NYSE,5.89,5.89,373,0,ML Aclrtd Rturn Nts Lnkd S&P 500 Indx,0,0,0
20081118,85666,SAR',NYSE,5.83,5.83,404,0,ML Aclrtd Rturn Nts Lnkd S&P 500 Indx,0,0,0
20081119,85666,SAR',NYSE,5.64,5.64,1058,0,ML Aclrtd Rturn Nts Lnkd S&P 500 Indx,0,0,0
20081120,85666,SAR',NYSE,5.15,5.15,308,0,ML Aclrtd Rturn Nts Lnkd S&P 500 Indx,0,0,0
20081121,85666,SAR',NYSE,5.58,5.58,709,0,ML Aclrtd Rturn Nts Lnkd S&P 500 Indx,0,0,0
20081124,85666,SAR',NYSE,5.85,5.85,1259,0,ML Aclrtd Rturn Nts Lnkd S&P 500 Indx,0,0,0
20081125,85666,SAR',NYSE,5.92,5.92,2608,0,ML Aclrtd Rturn Nts Lnkd S&P 500 Indx,0,0,0
20081126,85666,SAR',NYSE,6.1,6.1,1123,0,ML Aclrtd Rturn Nts Lnkd S&P 500 Indx,0,0,0
20081128,85666,SAR',NYSE,6.13,6.13,70,0,ML Aclrtd Rturn Nts Lnkd S&P 500 Indx,0,0,0
20081201,85666,SAR',NYSE,5.67,5.67,253,0,ML Aclrtd Rturn Nts Lnkd S&P 500 Indx,0,0,0
20081202,85666,SAR',NYSE,5.78,5.78,200,0,ML Aclrtd Rturn Nts Lnkd S&P 500 Indx,0,0,0
20081203,85666,SAR',NYSE,6,6,233,0,ML Aclrtd Rturn Nts Lnkd S&P 500 Indx,0,0,0
20081204,85666,SAR',NYSE,5.8,5.8,530,0,ML Aclrtd Rturn Nts Lnkd S&P 500 Indx,0,0,0
20081205,85666,SAR',NYSE,6.06,6.06,301,0,ML Aclrtd Rturn Nts Lnkd S&P 500 Indx,0,0,0
20081208,85666,SAR',NYSE,6.36,6.36,381,0,ML Aclrtd Rturn Nts Lnkd S&P 500 Indx,0,0,0
20081209,85666,SAR',NYSE,6.28,6.28,20,0,ML Aclrtd Rturn Nts Lnkd S&P 500 Indx,0,0,0
20081210,85666,SAR',NYSE,6.26,6.26,490,0,ML Aclrtd Rturn Nts Lnkd S&P 500 Indx,0,0,0
20081211,85666,SAR',NYSE,6.2,6.2,175,0,ML Aclrtd Rturn Nts Lnkd S&P 500 Indx,0,0,0
20081212,85666,SAR',NYSE,6.05,6.05,187,0,ML Aclrtd Rturn Nts Lnkd S&P 500 Indx,0,0,0
20081215,85666,SAR',NYSE,6.01,6.01,545,0,ML Aclrtd Rturn Nts Lnkd S&P 500 Indx,0,0,0
20081216,85666,SAR',NYSE,6.35,6.35,188,0,ML Aclrtd Rturn Nts Lnkd S&P 500 Indx,0,0,0
20081217,85666,SAR',NYSE,6.32,6.32,263,0,ML Aclrtd Rturn Nts Lnkd S&P 500 Indx,0,0,0
20081218,85666,SAR',NYSE,6.12,6.12,765,0,ML Aclrtd Rturn Nts Lnkd S&P 500 Indx,0,0,0
20081219,85666,SAR',NYSE,6.13,6.13,65,0,ML Aclrtd Rturn Nts Lnkd S&P 500 Indx,0,0,0
20081222,85666,SAR',NYSE,5.97,5.97,318,0,ML Aclrtd Rturn Nts Lnkd S&P 500 Indx,0,0,0
20081223,85666,SAR',NYSE,5.96,5.96,459,0,ML Aclrtd Rturn Nts Lnkd S&P 500 Indx,0,0,0
20081224,85666,SAR',NYSE,5.99,5.99,366,0,ML Aclrtd Rturn Nts Lnkd S&P 500 Indx,0,0,0
20081226,85666,SAR',NYSE,6,6,524,0,ML Aclrtd Rturn Nts Lnkd S&P 500 Indx,0,0,0
20081229,85666,SAR',NYSE,5.97,5.97,151,0,ML Aclrtd Rturn Nts Lnkd S&P 500 Indx,0,0,0
20081230,85666,SAR',NYSE,6.22,6.22,503,0,ML Aclrtd Rturn Nts Lnkd S&P 500 Indx,0,0,0
20081231,85666,SAR',NYSE,6.24,6.24,295,0,ML Aclrtd Rturn Nts Lnkd S&P 500 Indx,0,0,0
20090102,85666,SAR',NYSE,6.46,6.46,43,0,ML Aclrtd Rturn Nts Lnkd S&P 500 Indx,0,0,0
20090105,85666,SAR',NYSE,6.4,6.4,618,0,ML Aclrtd Rturn Nts Lnkd S&P 500 Indx,0,0,0
20090106,85666,SAR',NYSE,6.46,6.46,653,0,ML Aclrtd Rturn Nts Lnkd S&P 500 Indx,0,0,0
20090107,85666,SAR',NYSE,6.26,6.26,152,0,ML Aclrtd Rturn Nts Lnkd S&P 500 Indx,0,0,0
20090108,85666,SAR',NYSE,6.31,6.31,96,0,ML Aclrtd Rturn Nts Lnkd S&P 500 Indx,0,0,0
20090109,85666,SAR',NYSE,6.2,6.2,50,0,ML Aclrtd Rturn Nts Lnkd S&P 500 Indx,0,0,0
20090112,85666,SAR',NYSE,6.04,6.04,127,0,ML Aclrtd Rturn Nts Lnkd S&P 500 Indx,0,0,0
20090113,85666,SAR',NYSE,6.01,6.01,100,0,ML Aclrtd Rturn Nts Lnkd S&P 500 Indx,0,0,0
20090114,85666,SAR',NYSE,5.84,5.84,431,0,ML Aclrtd Rturn Nts Lnkd S&P 500 Indx,0,0,0
20090115,85666,SAR',NYSE,5.79,5.79,70,0,ML Aclrtd Rturn Nts Lnkd S&P 500 Indx,0,0,0
20090116,85666,SAR',NYSE,5.9,5.9,450,0,ML Aclrtd Rturn Nts Lnkd S&P 500 Indx,0,0,0
20090120,85666,SAR',NYSE,5.71,5.71,114,0,ML Aclrtd Rturn Nts Lnkd S&P 500 Indx,0,0,0
20090121,85666,SAR',NYSE,5.76,5.76,89,0,ML Aclrtd Rturn Nts Lnkd S&P 500 Indx,0,0,0
20090122,85666,SAR',NYSE,5.76,5.76,436,0,ML Aclrtd Rturn Nts Lnkd S&P 500 Indx,0,0,0
20090123,85666,SAR',NYSE,5.77,5.77,166,0,ML Aclrtd Rturn Nts Lnkd S&P 500 Indx,0,0,0
20090126,85666,SAR',NYSE,5.8,5.8,148,0,ML Aclrtd Rturn Nts Lnkd S&P 500 Indx,0,0,0
20090127,85666,SAR',NYSE,5.88,5.88,119,0,ML Aclrtd Rturn Nts Lnkd S&P 500 Indx,0,0,0
20090128,85666,SAR',NYSE,6.06,6.06,156,0,ML Aclrtd Rturn Nts Lnkd S&P 500 Indx,0,0,0
20090129,85666,SAR',NYSE,5.92,5.92,313,0,ML Aclrtd Rturn Nts Lnkd S&P 500 Indx,0,0,0
20090130,85666,SAR',NYSE,5.8,5.8,58,0,ML Aclrtd Rturn Nts Lnkd S&P 500 Indx,0,0,0
20090202,85666,SAR',NYSE,5.76,5.76,268,0,ML Aclrtd Rturn Nts Lnkd S&P 500 Indx,0,0,0
20090203,85666,SAR',NYSE,5.85,5.85,184,0,ML Aclrtd Rturn Nts Lnkd S&P 500 Indx,0,0,0
20090204,85666,SAR',NYSE,5.88,5.88,95,0,ML Aclrtd Rturn Nts Lnkd S&P 500 Indx,0,0,0
20090205,85666,SAR',NYSE,5.88,5.88,378,0,ML Aclrtd Rturn Nts Lnkd S&P 500 Indx,0,0,0
20090206,85666,SAR',NYSE,6.05,6.05,36,0,ML Aclrtd Rturn Nts Lnkd S&P 500 Indx,0,0,0
20090209,85666,SAR',NYSE,6.05,6.05,31,0,ML Aclrtd Rturn Nts Lnkd S&P 500 Indx,0,0,0
20090210,85666,SAR',NYSE,5.77,5.77,95,0,ML Aclrtd Rturn Nts Lnkd S&P 500 Indx,0,0,0
20090211,85666,SAR',NYSE,5.78,5.78,80,0,ML Aclrtd Rturn Nts Lnkd S&P 500 Indx,0,0,0
20090212,85666,SAR',NYSE,5.73,5.73,133,0,ML Aclrtd Rturn Nts Lnkd S&P 500 Indx,0,0,0
20090213,85666,SAR',NYSE,5.81,5.81,184,0,ML Aclrtd Rturn Nts Lnkd S&P 500 Indx,0,0,0
20090217,85666,SAR',NYSE,5.5,5.5,572,0,ML Aclrtd Rturn Nts Lnkd S&P 500 Indx,0,0,0
20090218,85666,SAR',NYSE,5.46,5.46,199,0,ML Aclrtd Rturn Nts Lnkd S&P 500 Indx,0,0,0
20090219,85666,SAR',NYSE,5.44,5.44,373,0,ML Aclrtd Rturn Nts Lnkd S&P 500 Indx,0,0,0
20090220,85666,SAR',NYSE,5.37,5.37,292,0,ML Aclrtd Rturn Nts Lnkd S&P 500 Indx,0,0,0
20090223,85666,SAR',NYSE,5.2,5.2,788,0,ML Aclrtd Rturn Nts Lnkd S&P 500 Indx,0,0,0
20090224,85666,SAR',NYSE,5.38,5.38,969,0,ML Aclrtd Rturn Nts Lnkd S&P 500 Indx,0,0,0
20090225,85666,SAR',NYSE,5.36,5.36,130,0,ML Aclrtd Rturn Nts Lnkd S&P 500 Indx,0,0,0
20090226,85666,SAR',NYSE,5.26,5.26,334,0,ML Aclrtd Rturn Nts Lnkd S&P 500 Indx,0,0,0
20090227,85666,SAR',NYSE,5.16,5.16,77,0,ML Aclrtd Rturn Nts Lnkd S&P 500 Indx,0,0,0
20090302,85666,SAR',NYSE,4.86,4.86,106,0,ML Aclrtd Rturn Nts Lnkd S&P 500 Indx,0,0,0
20090303,85666,SAR',NYSE,4.84,4.84,232,0,ML Aclrtd Rturn Nts Lnkd S&P 500 Indx,0,0,0
20090304,85666,SAR',NYSE,5.02,5.02,373,0,ML Aclrtd Rturn Nts Lnkd S&P 500 Indx,0,0,0
20090305,85666,SAR',NYSE,4.76,4.76,151,0,ML Aclrtd Rturn Nts Lnkd S&P 500 Indx,0,0,0
20090306,85666,SAR',NYSE,4.64,4.64,225,0,ML Aclrtd Rturn Nts Lnkd S&P 500 Indx,0,0,0
20090309,85666,SAR',NYSE,4.71,4.71,140,0,ML Aclrtd Rturn Nts Lnkd S&P 500 Indx,0,0,0
20090310,85666,SAR',NYSE,4.94,4.94,406,0,ML Aclrtd Rturn Nts Lnkd S&P 500 Indx,0,0,0
20090311,85666,SAR',NYSE,4.96,4.96,188,0,ML Aclrtd Rturn Nts Lnkd S&P 500 Indx,0,0,0
20090312,85666,SAR',NYSE,5.14,5.14,49,0,ML Aclrtd Rturn Nts Lnkd S&P 500 Indx,0,0,0
20090313,85666,SAR',NYSE,5.17,5.17,12,0,ML Aclrtd Rturn Nts Lnkd S&P 500 Indx,0,0,0
20090316,85666,SAR',NYSE,5.19,5.19,47,0,ML Aclrtd Rturn Nts Lnkd S&P 500 Indx,0,0,0
20090317,85666,SAR',NYSE,5.28,5.28,146,0,ML Aclrtd Rturn Nts Lnkd S&P 500 Indx,0,0,0
20090318,85666,SAR',NYSE,5.41,5.41,39,0,ML Aclrtd Rturn Nts Lnkd S&P 500 Indx,0,0,0
20090319,85666,SAR',NYSE,5.4,5.4,60,0,ML Aclrtd Rturn Nts Lnkd S&P 500 Indx,0,0,0
20090320,85666,SAR',NYSE,5.29,5.29,236,0,ML Aclrtd Rturn Nts Lnkd S&P 500 Indx,0,0,0
20090323,85666,SAR',NYSE,5.62,5.62,203,0,ML Aclrtd Rturn Nts Lnkd S&P 500 Indx,0,0,0
20090324,85666,SAR',NYSE,5.57,5.57,155,0,ML Aclrtd Rturn Nts Lnkd S&P 500 Indx,0,0,0
20090325,85666,SAR',NYSE,5.63,5.63,464,0,ML Aclrtd Rturn Nts Lnkd S&P 500 Indx,0,0,0
20090326,85666,SAR',NYSE,5.75,5.75,513,0,ML Aclrtd Rturn Nts Lnkd S&P 500 Indx,0,0,0
20090327,85666,SAR',NYSE,5.65,5.65,144,0,ML Aclrtd Rturn Nts Lnkd S&P 500 Indx,0,0,0
20090330,85666,SAR',NYSE,5.41,5.41,167,0,ML Aclrtd Rturn Nts Lnkd S&P 500 Indx,0,0,0
20090331,85666,SAR',NYSE,5.57,5.57,76,0,ML Aclrtd Rturn Nts Lnkd S&P 500 Indx,0,0,0
20090401,85666,SAR',NYSE,5.52,5.52,584,0,ML Aclrtd Rturn Nts Lnkd S&P 500 Indx,0,0,0
20090402,85666,SAR',NYSE,5.74,5.74,69,0,ML Aclrtd Rturn Nts Lnkd S&P 500 Indx,0,0,0
20090403,85666,SAR',NYSE,5.78,5.78,44,0,ML Aclrtd Rturn Nts Lnkd S&P 500 Indx,0,0,0
20090406,85666,SAR',NYSE,5.78,5.78,0,0,ML Aclrtd Rturn Nts Lnkd S&P 500 Indx,0,0,0
20090407,85666,SAR',NYSE,5.65,5.65,125,0,ML Aclrtd Rturn Nts Lnkd S&P 500 Indx,0,0,0
20090408,85666,SAR',NYSE,5.69,5.69,30,0,ML Aclrtd Rturn Nts Lnkd S&P 500 Indx,0,0,0
20090409,85666,SAR',NYSE,5.85,5.85,61,0,ML Aclrtd Rturn Nts Lnkd S&P 500 Indx,0,0,0
20090413,85666,SAR',NYSE,5.95,5.95,65,0,ML Aclrtd Rturn Nts Lnkd S&P 500 Indx,0,0,0
20090414,85666,SAR',NYSE,5.95,5.95,0,0,ML Aclrtd Rturn Nts Lnkd S&P 500 Indx,0,0,0
20090415,85666,SAR',NYSE,5.91,5.91,496,0,ML Aclrtd Rturn Nts Lnkd S&P 500 Indx,0,0,0
20090416,85666,SAR',NYSE,6,6,742,0,ML Aclrtd Rturn Nts Lnkd S&P 500 Indx,0,0,0
20090417,85666,SAR',NYSE,6.04,6.04,118,0,ML Aclrtd Rturn Nts Lnkd S&P 500 Indx,0,0,0
20090420,85666,SAR',NYSE,5.79,5.79,2006,0,ML Aclrtd Rturn Nts Lnkd S&P 500 Indx,0,0,0
20090421,85666,SAR',NYSE,5.89,5.89,258,0,ML Aclrtd Rturn Nts Lnkd S&P 500 Indx,0,0,0
20090422,85666,SAR',NYSE,5.96,5.96,101,0,ML Aclrtd Rturn Nts Lnkd S&P 500 Indx,0,0,0
20090423,85666,SAR',NYSE,5.86,5.86,258,0,ML Aclrtd Rturn Nts Lnkd S&P 500 Indx,0,0,0
20090424,85666,SAR',NYSE,6.03,6.03,28,0,ML Aclrtd Rturn Nts Lnkd S&P 500 Indx,0,0,0
20090427,85666,SAR',NYSE,6.02,6.02,35,0,ML Aclrtd Rturn Nts Lnkd S&P 500 Indx,0,0,0
20090428,85666,SAR',NYSE,5.94,5.94,567,0,ML Aclrtd Rturn Nts Lnkd S&P 500 Indx,0,0,0
20090429,85666,SAR',NYSE,6.12,6.12,250,0,ML Aclrtd Rturn Nts Lnkd S&P 500 Indx,0,0,0
20090430,85666,SAR',NYSE,6.09,6.09,60,0,ML Aclrtd Rturn Nts Lnkd S&P 500 Indx,0,0,0
20090501,85666,SAR',NYSE,6.08,6.08,10,0,ML Aclrtd Rturn Nts Lnkd S&P 500 Indx,0,0,0
20090504,85666,SAR',NYSE,6.27,6.27,163,0,ML Aclrtd Rturn Nts Lnkd S&P 500 Indx,0,0,0
20090505,85666,SAR',NYSE,6.34,6.34,5,0,ML Aclrtd Rturn Nts Lnkd S&P 500 Indx,0,0,0
20090506,85666,SAR',NYSE,6.44,6.44,100,0,ML Aclrtd Rturn Nts Lnkd S&P 500 Indx,0,0,0
20090507,85666,SAR',NYSE,6.44,6.44,85,0,ML Aclrtd Rturn Nts Lnkd S&P 500 Indx,0,0,0
20090508,85666,SAR',NYSE,6.49,6.49,133,0,ML Aclrtd Rturn Nts Lnkd S&P 500 Indx,0,0,0
20090511,85666,SAR',NYSE,6.4,6.4,15,0,ML Aclrtd Rturn Nts Lnkd S&P 500 Indx,0,0,0
20090512,85666,SAR',NYSE,6.32,6.32,26,0,ML Aclrtd Rturn Nts Lnkd S&P 500 Indx,0,0,0
20090513,85666,SAR',NYSE,6.25,6.25,147,0,ML Aclrtd Rturn Nts Lnkd S&P 500 Indx,0,0,0
20090514,85666,SAR',NYSE,6.36,6.36,28,0,ML Aclrtd Rturn Nts Lnkd S&P 500 Indx,0,0,0
20090515,85666,SAR',NYSE,6.19,6.19,60,0,ML Aclrtd Rturn Nts Lnkd S&P 500 Indx,0,0,0
20090518,85666,SAR',NYSE,6.53,6.53,366,0,ML Aclrtd Rturn Nts Lnkd S&P 500 Indx,0,0,0
20090519,85666,SAR',NYSE,6.46,6.46,126,0,ML Aclrtd Rturn Nts Lnkd S&P 500 Indx,0,0,0
20090520,85666,SAR',NYSE,6.46,6.46,155,0,ML Aclrtd Rturn Nts Lnkd S&P 500 Indx,0,0,0
20090521,85666,SAR',NYSE,6.17,6.17,83,0,ML Aclrtd Rturn Nts Lnkd S&P 500 Indx,0,0,0
20090522,85666,SAR',NYSE,6.26,6.26,38,0,ML Aclrtd Rturn Nts Lnkd S&P 500 Indx,0,0,0
20090526,85666,SAR',NYSE,6.44,6.44,115,0,ML Aclrtd Rturn Nts Lnkd S&P 500 Indx,0,0,0
20090527,85666,SAR',NYSE,6.38,6.38,136,0,ML Aclrtd Rturn Nts Lnkd S&P 500 Indx,0,0,0
20090528,85666,SAR',NYSE,6.38,6.38,73,0,ML Aclrtd Rturn Nts Lnkd S&P 500 Indx,0,0,0
20090529,85666,SAR',NYSE,6.5,6.5,94,0,ML Aclrtd Rturn Nts Lnkd S&P 500 Indx,0,0,0
20090601,85666,SAR',NYSE,6.75,6.75,61,0,ML Aclrtd Rturn Nts Lnkd S&P 500 Indx,0,0,0
20090602,85666,SAR',NYSE,6.7,6.7,37,0,ML Aclrtd Rturn Nts Lnkd S&P 500 Indx,0,0,0
20090603,85666,SAR',NYSE,6.56,6.56,29,0,ML Aclrtd Rturn Nts Lnkd S&P 500 Indx,0,0,0
20090604,85666,SAR',NYSE,6.56,6.56,0,0,ML Aclrtd Rturn Nts Lnkd S&P 500 Indx,0,0,0
20090605,85666,SAR',NYSE,6.67,6.67,64,0,ML Aclrtd Rturn Nts Lnkd S&P 500 Indx,0,0,0
20090608,85666,SAR',NYSE,6.6,6.6,57,0,ML Aclrtd Rturn Nts Lnkd S&P 500 Indx,0,0,0
20090609,85666,SAR',NYSE,6.67,6.67,80,0,ML Aclrtd Rturn Nts Lnkd S&P 500 Indx,0,0,0
20090610,85666,SAR',NYSE,6.67,6.67,0,0,ML Aclrtd Rturn Nts Lnkd S&P 500 Indx,0,0,0
20090611,85666,SAR',NYSE,6.77,6.77,339,0,ML Aclrtd Rturn Nts Lnkd S&P 500 Indx,0,0,0
20090612,85666,SAR',NYSE,6.67,6.67,74,0,ML Aclrtd Rturn Nts Lnkd S&P 500 Indx,0,0,0
20090615,85666,SAR',NYSE,6.56,6.56,96,0,ML Aclrtd Rturn Nts Lnkd S&P 500 Indx,0,0,0
20090616,85666,SAR',NYSE,6.51,6.51,129,0,ML Aclrtd Rturn Nts Lnkd S&P 500 Indx,0,0,0
20090617,85666,SAR',NYSE,6.49,6.49,201,0,ML Aclrtd Rturn Nts Lnkd S&P 500 Indx,0,0,0
20090618,85666,SAR',NYSE,6.52,6.52,613,0,ML Aclrtd Rturn Nts Lnkd S&P 500 Indx,0,0,0
20090619,85666,SAR',NYSE,6.53,6.53,144,0,ML Aclrtd Rturn Nts Lnkd S&P 500 Indx,0,0,0
20090622,85666,SAR',NYSE,6.4,6.4,378,0,ML Aclrtd Rturn Nts Lnkd S&P 500 Indx,0,0,0
20090623,85666,SAR',NYSE,6.41,6.41,317,0,ML Aclrtd Rturn Nts Lnkd S&P 500 Indx,0,0,0
20090624,85666,SAR',NYSE,6.44,6.44,516,0,ML Aclrtd Rturn Nts Lnkd S&P 500 Indx,0,0,0
20090625,85666,SAR',NYSE,6.52,6.52,412,0,ML Aclrtd Rturn Nts Lnkd S&P 500 Indx,0,0,0
20090626,85666,SAR',NYSE,6.53,6.53,71,0,ML Aclrtd Rturn Nts Lnkd S&P 500 Indx,0,0,0
20090629,85666,SAR',NYSE,6.69,6.69,6,0,ML Aclrtd Rturn Nts Lnkd S&P 500 Indx,0,0,0
20090630,85666,SAR',NYSE,6.55,6.55,221,0,ML Aclrtd Rturn Nts Lnkd S&P 500 Indx,0,0,0
20090701,85666,SAR',NYSE,6.63,6.63,55,0,ML Aclrtd Rturn Nts Lnkd S&P 500 Indx,0,0,0
20090702,85666,SAR',NYSE,6.44,6.44,77,0,ML Aclrtd Rturn Nts Lnkd S&P 500 Indx,0,0,0
20090706,85666,SAR',NYSE,6.41,6.41,41,0,ML Aclrtd Rturn Nts Lnkd S&P 500 Indx,0,0,0
20090707,85666,SAR',NYSE,6.34,6.34,34,0,ML Aclrtd Rturn Nts Lnkd S&P 500 Indx,0,0,0
20090708,85666,SAR',NYSE,6.27,6.27,50,0,ML Aclrtd Rturn Nts Lnkd S&P 500 Indx,0,0,0
20090709,85666,SAR',NYSE,6.33,6.33,33,0,ML Aclrtd Rturn Nts Lnkd S&P 500 Indx,0,0,0
20090710,85666,SAR',NYSE,6.25,6.25,25,0,ML Aclrtd Rturn Nts Lnkd S&P 500 Indx,0,0,0
20090713,85666,SAR',NYSE,6.42,6.42,119,0,ML Aclrtd Rturn Nts Lnkd S&P 500 Indx,0,0,0
20090714,85666,SAR',NYSE,6.48,6.48,18,0,ML Aclrtd Rturn Nts Lnkd S&P 500 Indx,0,0,0
20090715,85666,SAR',NYSE,6.73,6.73,1,0,ML Aclrtd Rturn Nts Lnkd S&P 500 Indx,0,0,0
20090716,85666,SAR',NYSE,6.73,6.73,15,0,ML Aclrtd Rturn Nts Lnkd S&P 500 Indx,0,0,0
20090717,85666,SAR',NYSE,6.69,6.69,15,0,ML Aclrtd Rturn Nts Lnkd S&P 500 Indx,0,0,0
20090720,85666,SAR',NYSE,6.8,6.8,148,0,ML Aclrtd Rturn Nts Lnkd S&P 500 Indx,0,0,0
20090721,85666,SAR',NYSE,6.81,6.81,18,0,ML Aclrtd Rturn Nts Lnkd S&P 500 Indx,0,0,0
20090722,85666,SAR',NYSE,6.87,6.87,198,0,ML Aclrtd Rturn Nts Lnkd S&P 500 Indx,0,0,0
20090723,85666,SAR',NYSE,6.98,6.98,67,0,ML Aclrtd Rturn Nts Lnkd S&P 500 Indx,0,0,0
20090724,85666,SAR',NYSE,7.01,7.01,25,0,ML Aclrtd Rturn Nts Lnkd S&P 500 Indx,0,0,0
20090727,85666,SAR',NYSE,7.02,7.02,39,0,ML Aclrtd Rturn Nts Lnkd S&P 500 Indx,0,0,0
20090728,85666,SAR',NYSE,7.03,7.03,72,0,ML Aclrtd Rturn Nts Lnkd S&P 500 Indx,0,0,0
20090729,85666,SAR',NYSE,7.04,7.04,28,0,ML Aclrtd Rturn Nts Lnkd S&P 500 Indx,0,0,0
20090730,85666,SAR',NYSE,7.12,7.12,48,0,ML Aclrtd Rturn Nts Lnkd S&P 500 Indx,0,0,0
20090731,85666,SAR',NYSE,7.1,7.1,10,0,ML Aclrtd Rturn Nts Lnkd S&P 500 Indx,0,0,0
20090803,85666,SAR',NYSE,7.19,7.19,91,0,ML Aclrtd Rturn Nts Lnkd S&P 500 Indx,0,0,0
20090804,85666,SAR',NYSE,7.26,7.26,68,0,ML Aclrtd Rturn Nts Lnkd S&P 500 Indx,0,0,0
20090805,85666,SAR',NYSE,7.25,7.25,80,0,ML Aclrtd Rturn Nts Lnkd S&P 500 Indx,0,0,0
20090806,85666,SAR',NYSE,7.22,7.22,70,0,ML Aclrtd Rturn Nts Lnkd S&P 500 Indx,0,0,0
20090807,85666,SAR',NYSE,7.29,7.29,120,0,ML Aclrtd Rturn Nts Lnkd S&P 500 Indx,0,0,0
20090810,85666,SAR',NYSE,7.29,7.29,365,0,ML Aclrtd Rturn Nts Lnkd S&P 500 Indx,0,0,0
20090811,85666,SAR',NYSE,7.29,7.29,50,0,ML Aclrtd Rturn Nts Lnkd S&P 500 Indx,0,0,0
20090812,85666,SAR',NYSE,7.34,7.34,216,0,ML Aclrtd Rturn Nts Lnkd S&P 500 Indx,0,0,0
20090813,85666,SAR',NYSE,7.35,7.35,10,0,ML Aclrtd Rturn Nts Lnkd S&P 500 Indx,0,0,0
20090814,85666,SAR',NYSE,7.24,7.24,25,0,ML Aclrtd Rturn Nts Lnkd S&P 500 Indx,0,0,0
20090817,85666,SAR',NYSE,7.21,7.21,50,0,ML Aclrtd Rturn Nts Lnkd S&P 500 Indx,0,0,0
20090818,85666,SAR',NYSE,7.21,7.21,0,0,ML Aclrtd Rturn Nts Lnkd S&P 500 Indx,0,0,0
20090819,85666,SAR',NYSE,7.23,7.23,56,0,ML Aclrtd Rturn Nts Lnkd S&P 500 Indx,0,0,0
20090820,85666,SAR',NYSE,7.34,7.34,76,0,ML Aclrtd Rturn Nts Lnkd S&P 500 Indx,0,0,0
20090821,85666,SAR',NYSE,7.34,7.34,35,0,ML Aclrtd Rturn Nts Lnkd S&P 500 Indx,0,0,0
20090824,85666,SAR',NYSE,7.4,7.4,80,0,ML Aclrtd Rturn Nts Lnkd S&P 500 Indx,0,0,0
20090825,85666,SAR',NYSE,7.44,7.44,26,0,ML Aclrtd Rturn Nts Lnkd S&P 500 Indx,0,0,0
20090826,85666,SAR',NYSE,7.39,7.39,23,0,ML Aclrtd Rturn Nts Lnkd S&P 500 Indx,0,0,0
20090827,85666,SAR',NYSE,7.39,7.39,0,0,ML Aclrtd Rturn Nts Lnkd S&P 500 Indx,0,0,0
20090828,85666,SAR',NYSE,7.39,7.39,0,0,ML Aclrtd Rturn Nts Lnkd S&P 500 Indx,0,0,0
20090831,85666,SAR',NYSE,7.39,7.39,0,0,ML Aclrtd Rturn Nts Lnkd S&P 500 Indx,0,0,0
20090901,85666,SAR',NYSE,7.39,7.39,0,0,ML Aclrtd Rturn Nts Lnkd S&P 500 Indx,0,0,0
20090902,85666,SAR',NYSE,7.39,7.39,0,0,ML Aclrtd Rturn Nts Lnkd S&P 500 Indx,0,0,0
20090903,85666,SAR',NYSE,7.39,7.39,0,0,ML Aclrtd Rturn Nts Lnkd S&P 500 Indx,0,0,0
20090904,85666,SAR',NYSE,7.39,7.39,0,0,ML Aclrtd Rturn Nts Lnkd S&P 500 Indx,0,0,0
20090908,85666,SAR',NYSE,7.39,7.39,0,0,ML Aclrtd Rturn Nts Lnkd S&P 500 Indx,0,0,0
20090909,85666,SAR',NYSE,7.39,7.39,0,0,ML Aclrtd Rturn Nts Lnkd S&P 500 Indx,0,0,0
20090910,85666,SAR',NYSE,7.39,7.39,0,0,ML Aclrtd Rturn Nts Lnkd S&P 500 Indx,0,0,0
20090911,85666,SAR',NYSE,7.39,7.39,0,0,ML Aclrtd Rturn Nts Lnkd S&P 500 Indx,0,0,0
20090914,85666,SAR',NYSE,7.39,7.39,0,0,ML Aclrtd Rturn Nts Lnkd S&P 500 Indx,0,0,0
20090915,85666,SAR',NYSE,7.39,7.39,0,0,ML Aclrtd Rturn Nts Lnkd S&P 500 Indx,0,0,0
20090916,85666,SAR',NYSE,7.39,7.39,0,0,ML Aclrtd Rturn Nts Lnkd S&P 500 Indx,0,0,0
20090917,85666,SAR',NYSE,7.39,7.39,0,0,ML Aclrtd Rturn Nts Lnkd S&P 500 Indx,0,0,0
20090918,85666,SAR',NYSE,7.39,7.39,0,0,ML Aclrtd Rturn Nts Lnkd S&P 500 Indx,0,0,0
20090921,85666,SAR',NYSE,7.39,7.39,0,0,ML Aclrtd Rturn Nts Lnkd S&P 500 Indx,0,0,0
20090922,85666,SAR',NYSE,7.39,7.39,0,0,ML Aclrtd Rturn Nts Lnkd S&P 500 Indx,0,0,0
20090923,85666,SAR',NYSE,7.39,7.39,0,0,ML Aclrtd Rturn Nts Lnkd S&P 500 Indx,0,0,0
20090924,85666,SAR',NYSE,7.39,7.39,0,0,ML Aclrtd Rturn Nts Lnkd S&P 500 Indx,0,0,0
20090925,85666,SAR',NYSE,7.39,7.39,0,0,ML Aclrtd Rturn Nts Lnkd S&P 500 Indx,0,0,0
20090928,85666,SAR',NYSE,7.39,7.39,0,0,ML Aclrtd Rturn Nts Lnkd S&P 500 Indx,0,0,0
20090929,85666,SAR',NYSE,7.39,7.39,0,0,ML Aclrtd Rturn Nts Lnkd S&P 500 Indx,0,0,0
20090930,85666,SAR',NYSE,7.39,7.39,0,0,ML Aclrtd Rturn Nts Lnkd S&P 500 Indx,0,0,0
20091001,85666,SAR',NYSE,7.39,7.39,0,0,ML Aclrtd Rturn Nts Lnkd S&P 500 Indx,0,0,0
20091002,85666,SAR',NYSE,7.39,7.39,0,0,ML Aclrtd Rturn Nts Lnkd S&P 500 Indx,0,0,0
20091005,85666,SAR',NYSE,7.39,7.39,0,0,ML Aclrtd Rturn Nts Lnkd S&P 500 Indx,0,0,0
20091006,85666,SAR',NYSE,7.39,7.39,0,0,ML Aclrtd Rturn Nts Lnkd S&P 500 Indx,0,0,0
20091007,85666,SAR',NYSE,7.39,7.39,0,0,ML Aclrtd Rturn Nts Lnkd S&P 500 Indx,0,0,0
20091008,85666,SAR',NYSE,7.39,7.39,0,0,ML Aclrtd Rturn Nts Lnkd S&P 500 Indx,0,0,0
20091009,85666,SAR',NYSE,7.39,7.39,0,0,ML Aclrtd Rturn Nts Lnkd S&P 500 Indx,0,0,0
20091012,85666,SAR',NYSE,7.39,7.39,0,0,ML Aclrtd Rturn Nts Lnkd S&P 500 Indx,0,0,0
20091013,85666,SAR',NYSE,7.39,7.39,0,0,ML Aclrtd Rturn Nts Lnkd S&P 500 Indx,0,0,0
20091014,85666,SAR',NYSE,7.39,7.39,0,0,ML Aclrtd Rturn Nts Lnkd S&P 500 Indx,0,0,0
20091015,85666,SAR',NYSE,7.39,7.39,0,0,ML Aclrtd Rturn Nts Lnkd S&P 500 Indx,0,0,0
20091016,85666,SAR',NYSE,7.39,7.39,0,0,ML Aclrtd Rturn Nts Lnkd S&P 500 Indx,0,0,0
20091019,85666,SAR',NYSE,7.39,7.39,0,0,ML Aclrtd Rturn Nts Lnkd S&P 500 Indx,0,0,0
20091020,85666,SAR',NYSE,7.39,7.39,0,0,ML Aclrtd Rturn Nts Lnkd S&P 500 Indx,0,0,0
20091021,85666,SAR',NYSE,7.39,7.39,0,0,ML Aclrtd Rturn Nts Lnkd S&P 500 Indx,0,0,0
20091022,85666,SAR',NYSE,7.39,7.39,0,0,ML Aclrtd Rturn Nts Lnkd S&P 500 Indx,0,0,0
20091023,85666,SAR',NYSE,7.39,7.39,0,0,ML Aclrtd Rturn Nts Lnkd S&P 500 Indx,0,0,0
20091026,85666,SAR',NYSE,7.39,7.39,0,0,ML Aclrtd Rturn Nts Lnkd S&P 500 Indx,0,0,0
20091027,85666,SAR',NYSE,7.39,7.39,0,0,ML Aclrtd Rturn Nts Lnkd S&P 500 Indx,0,0,0
20091028,85666,SAR',NYSE,7.39,7.39,0,0,ML Aclrtd Rturn Nts Lnkd S&P 500 Indx,0,0,0
20091029,85666,SAR',NYSE,7.39,7.39,0,0,ML Aclrtd Rturn Nts Lnkd S&P 500 Indx,0,0,0
20091030,85666,SAR',NYSE,7.39,7.39,0,0,ML Aclrtd Rturn Nts Lnkd S&P 500 Indx,0,0,0
20091102,85666,SAR',NYSE,7.39,7.39,0,0,ML Aclrtd Rturn Nts Lnkd S&P 500 Indx,0,0,0
20091103,85666,SAR',NYSE,7.39,7.39,0,0,ML Aclrtd Rturn Nts Lnkd S&P 500 Indx,0,0,0
20091104,85666,SAR',NYSE,7.39,7.39,0,0,ML Aclrtd Rturn Nts Lnkd S&P 500 Indx,0,0,0
20091105,85666,SAR',NYSE,7.39,7.39,0,0,ML Aclrtd Rturn Nts Lnkd S&P 500 Indx,0,0,0
20091106,85666,SAR',NYSE,7.39,7.39,0,0,ML Aclrtd Rturn Nts Lnkd S&P 500 Indx,0,0,0
20091109,85666,SAR',NYSE,7.39,7.39,0,0,ML Aclrtd Rturn Nts Lnkd S&P 500 Indx,0,0,0
20091110,85666,SAR',NYSE,7.39,7.39,0,0,ML Aclrtd Rturn Nts Lnkd S&P 500 Indx,0,0,0
20091111,85666,SAR',NYSE,7.39,7.39,0,0,ML Aclrtd Rturn Nts Lnkd S&P 500 Indx,0,0,0
20091112,85666,SAR',NYSE,7.39,7.39,0,0,ML Aclrtd Rturn Nts Lnkd S&P 500 Indx,0,0,0
20091113,85666,SAR',NYSE,7.39,7.39,0,0,ML Aclrtd Rturn Nts Lnkd S&P 500 Indx,0,0,0
20091116,85666,SAR',NYSE,7.39,7.39,0,0,ML Aclrtd Rturn Nts Lnkd S&P 500 Indx,0,0,0
20091117,85666,SAR',NYSE,7.39,7.39,0,0,ML Aclrtd Rturn Nts Lnkd S&P 500 Indx,0,0,0
20091118,85666,SAR',NYSE,7.39,7.39,0,0,ML Aclrtd Rturn Nts Lnkd S&P 500 Indx,0,0,0
20091119,85666,SAR',NYSE,7.39,7.39,0,0,ML Aclrtd Rturn Nts Lnkd S&P 500 Indx,0,0,0
20091120,85666,SAR',NYSE,7.39,7.39,0,0,ML Aclrtd Rturn Nts Lnkd S&P 500 Indx,0,0,0
20091123,85666,SAR',NYSE,7.39,7.39,0,0,ML Aclrtd Rturn Nts Lnkd S&P 500 Indx,0,0,0
20091124,85666,SAR',NYSE,7.39,7.39,0,0,ML Aclrtd Rturn Nts Lnkd S&P 500 Indx,0,0,0
